Ejecucion con tamaño de poblacion 100, con tasa de mutacion del 0.0103092783505%, y con torneos de 8
0;4.31245994568;0.920529704566
1;4.33002996445;0.912641453612
2;4.25286698341;0.8969747015
3;4.26173400879;0.889493005218
4;4.26356911659;0.887221424783
5;4.25915884972;0.887221424783
6;4.27286601067;0.885251612981
7;4.23954796791;0.883793727656
8;4.31325602531;0.882585697004
9;4.36204409599;0.879724809171
10;4.37532997131;0.87687456641
11;4.35555005074;0.876453834483
12;4.31367897987;0.874575735895
13;4.32310509682;0.87149638935
14;4.3475830555;0.871122501974
15;4.32359409332;0.869143846576
16;4.23343300819;0.868492574035
17;4.24300718307;0.866885891732
18;4.24423599243;0.865912504939
19;4.24546504021;0.865722884704
20;4.26593995094;0.863773170639
21;4.32829785347;0.863523126616
22;4.34204602242;0.861680061423
23;4.34046697617;0.861528098411
24;4.36160421371;0.861188176854
25;4.34886717796;0.860745827974
26;4.3235411644;0.86031255285
27;4.26552987099;0.859362379523
28;4.25647807121;0.857760354921
29;4.25707507133;0.857760354921
30;4.20589709282;0.857412005161
31;4.24232602119;0.856748727808
32;4.25031995773;0.855355752163
33;4.23650193214;0.852831689558
34;4.28372097015;0.852831689558
35;4.2309679985;0.852321377173
36;4.2296898365;0.851818170992
37;4.20631504059;0.849787641933
38;4.2338809967;0.849787641933
39;4.23143100739;0.848239256248
40;4.25994300842;0.847194236373
41;4.24166917801;0.847194236373
42;4.23143792152;0.847194236373
43;4.2082798481;0.847194236373
44;4.3214969635;0.84608503112
45;4.29434108734;0.846071270742
46;4.32179617882;0.845252790208
47;4.25063896179;0.845252790208
48;4.24195599556;0.845051891348
49;3.67626690865;0.84444528931
50;3.66821908951;0.843773701656
51;3.68146204948;0.843773701656
52;3.65611195564;0.841870501943
53;3.70653390884;0.841870501943
54;3.66839504242;0.841870501943
55;3.65377998352;0.841870501943
56;3.66252207756;0.841870501943
57;3.66894483566;0.841870501943
58;3.6559920311;0.841870501943
59;3.682721138;0.841565966969
60;3.67557501793;0.841457246106
61;3.66385102272;0.841124138689
62;3.67981100082;0.841124138689
63;3.67379212379;0.841124138689
64;3.67862987518;0.841124138689
65;3.66680908203;0.840337114841
66;3.65897202492;0.840019298809
67;3.66814899445;0.839681601351
68;3.67530989647;0.839681601351
69;3.68062496185;0.839281405943
70;3.66260695457;0.839281405943
71;3.67215514183;0.839256226687
72;3.67885398865;0.83885053851
73;3.69064998627;0.83885053851
74;3.72885990143;0.837714299482
75;3.72414183617;0.837714299482
76;3.69044399261;0.837628563202
77;3.67221903801;0.83755260334
78;3.67979311943;0.83755260334
79;3.74067306519;0.836898767769
80;3.65621089935;0.836898767769
81;3.67423915863;0.836898767769
82;3.67055487633;0.836898767769
83;3.66661310196;0.83612603394
84;3.66736602783;0.83612603394
85;3.66984295845;0.83612603394
86;3.68687391281;0.83612603394
87;3.65619397163;0.83612603394
88;3.65889406204;0.83612603394
89;3.66943502426;0.835388263837
90;3.66418814659;0.835388263837
91;3.67048716545;0.835388263837
92;3.69684100151;0.835388263837
93;3.73962712288;0.835107987128
94;3.73132109642;0.835107987128
95;3.76446509361;0.835107987128
96;3.68060493469;0.834345675703
97;3.66230511665;0.834345675703
98;3.67067790031;0.834345675703
99;3.67134284973;0.834345675703
100;3.66686797142;0.834306698461
101;3.67810106277;0.834306698461
102;3.68420600891;0.834306698461
103;3.67451906204;0.834306698461
104;3.6580619812;0.834306698461
105;3.67746090889;0.834306698461
106;3.69851899147;0.834306698461
107;3.72049999237;0.833621710054
108;3.72706604004;0.833621710054
109;3.7527320385;0.833621710054
110;3.72671508789;0.833621710054
111;3.81162905693;0.833600075138
112;3.76565289497;0.833600075138
113;3.77718687057;0.833600075138
114;3.81657290459;0.833600075138
115;3.67070794106;0.832779359499
116;3.63214182854;0.832779359499
117;3.66479992867;0.832779359499
118;3.66119384766;0.832779359499
119;3.66640090942;0.832776771334
120;3.68006396294;0.832776771334
121;3.68941116333;0.832776771334
122;3.65576195717;0.832679128179
123;3.75099992752;0.832679128179
124;3.69975709915;0.832679128179
125;3.674036026;0.832679128179
126;3.68221187592;0.832679128179
127;3.68621301651;0.832679128179
128;3.69140100479;0.832254428252
129;3.68018198013;0.831768689533
130;3.68148303032;0.831768689533
131;3.69823884964;0.831768689533
132;3.67582702637;0.831183381104
133;3.72578811646;0.831183381104
134;3.68553495407;0.831183381104
135;3.70811510086;0.831183381104
136;3.71427488327;0.830981758021
137;3.71624803543;0.830941679407
138;3.79844212532;0.830941679407
139;3.66947984695;0.830941679407
140;3.66811490059;0.830941679407
141;3.68731498718;0.830941679407
142;3.70390105247;0.830941679407
143;3.71256303787;0.830941679407
144;3.68632507324;0.830941679407
145;3.7196700573;0.830941679407
146;3.70282506943;0.830941679407
147;3.70367503166;0.830941679407
148;3.74992012978;0.830941679407
149;3.67310214043;0.830941679407
150;3.66342186928;0.830941679407
151;3.67932987213;0.830941679407
