Ejecucion con tamaño de poblacion 100, con tasa de mutacion del 0.013698630137%, y con torneos de 8
0;3.68368291855;0.929440703781
1;3.70650291443;0.917540838238
2;3.74030709267;0.897269188896
3;3.70798897743;0.889836667817
4;3.70058393478;0.88526034813
5;3.71957993507;0.884180428316
6;3.70734190941;0.883845202984
7;3.69801497459;0.88020591268
8;3.71887993813;0.879162837592
9;3.70382595062;0.877745005994
10;3.71250605583;0.875696561335
11;3.6893799305;0.874495602223
12;3.69305515289;0.873490596713
13;3.69303894043;0.871819971884
14;3.68873310089;0.868986434544
15;3.69506001472;0.868892374314
16;3.67755198479;0.867396722932
17;3.68393993378;0.866199425859
18;3.79728507996;0.862406873001
19;3.69663906097;0.860742210916
20;3.72487902641;0.857478670265
21;3.69312906265;0.857478670265
22;3.71189594269;0.857478670265
23;3.68061304092;0.857321047348
24;3.69197511673;0.855453003612
25;3.72716093063;0.854822222611
26;3.71704387665;0.854822222611
27;3.71488308907;0.853161686023
28;3.74128293991;0.853161686023
29;3.82191681862;0.853121411815
30;3.72955107689;0.853121411815
31;3.77219319344;0.853121411815
32;3.76996397972;0.852382258011
33;3.74409985542;0.852085797569
34;3.72982311249;0.850935547541
35;3.77719306946;0.850935547541
36;3.7645881176;0.850854082847
37;3.76257205009;0.849730945529
38;3.81193399429;0.849538201856
39;3.77508997917;0.849538201856
40;3.81222987175;0.849537604615
41;3.7148900032;0.849036677695
42;3.75279378891;0.849036677695
43;3.7500910759;0.848696292374
44;3.72867202759;0.848678494535
45;3.72838592529;0.846684537913
46;3.71788597107;0.846684537913
47;3.72950792313;0.846684537913
48;3.71963310242;0.846684537913
49;3.74929594994;0.846684537913
50;3.74122905731;0.846305690213
51;3.72856497765;0.846305690213
52;3.72913312912;0.846183810573
53;3.69517493248;0.846104966065
54;3.66905903816;0.846071027037
55;3.67544317245;0.845768378439
56;3.68042087555;0.845768378439
57;3.67633509636;0.845743330455
58;3.67868304253;0.845743330455
59;3.74572706223;0.845396657211
60;3.70127797127;0.845327433619
61;3.69247198105;0.845327433619
62;3.70911812782;0.845089971189
63;3.68456983566;0.845089971189
64;3.66903781891;0.844680915924
65;3.67761516571;0.844566950559
66;3.68221902847;0.843497047116
67;3.72801399231;0.843298759527
68;3.7722671032;0.843039132482
69;3.71735787392;0.843039132482
70;3.71529507637;0.842477055411
71;3.737596035;0.842477055411
72;3.73025512695;0.842477055411
73;3.71381402016;0.842477055411
74;3.73915600777;0.842477055411
75;3.69461417198;0.842477055411
76;3.72503900528;0.842477055411
77;3.7110581398;0.842061371235
78;3.80601811409;0.842061371235
79;3.7210688591;0.842061371235
80;3.95929884911;0.840976590897
81;3.76082587242;0.840976590897
82;3.75172495842;0.840918309655
83;3.98674297333;0.840793774662
84;4.39690899849;0.84020945778
85;4.36038708687;0.84020945778
86;4.36256408691;0.84020945778
87;4.33590602875;0.84020945778
88;4.36326384544;0.84020945778
89;4.36812114716;0.840033889092
90;4.3712348938;0.839712430427
91;4.41207408905;0.839661691347
92;4.35160112381;0.839396940937
93;4.35352396965;0.839396940937
94;4.45873403549;0.839396940937
95;4.23267412186;0.839396940937
96;4.21987104416;0.839396940937
97;4.21920609474;0.839299698951
98;4.28296685219;0.839299698951
99;4.26032495499;0.839299698951
100;4.27989697456;0.839299698951
101;4.33115100861;0.839299698951
102;4.32889199257;0.839299698951
103;4.429063797;0.839299698951
104;4.45651817322;0.838934145975
105;4.44726014137;0.838079258892
106;4.48207902908;0.838079258892
107;4.47203302383;0.838079258892
108;4.46141409874;0.838079258892
109;4.47123503685;0.838079258892
110;4.44746088982;0.838079258892
111;4.30609488487;0.838079258892
112;4.21075487137;0.838079258892
113;4.20342183113;0.838079258892
114;4.21662306786;0.838079258892
115;4.27532792091;0.838079258892
116;4.31664085388;0.838079258892
117;4.30988097191;0.838079258892
118;4.2269449234;0.838066728997
119;4.23748612404;0.83801922696
120;4.21968007088;0.83801922696
121;4.24014282227;0.83801922696
122;4.23709011078;0.83801922696
123;4.2196290493;0.83801922696
124;4.25379109383;0.83777381552
125;4.20961403847;0.837217123045
126;4.22001290321;0.837217123045
127;4.21346998215;0.837217123045
128;4.22389292717;0.837217123045
129;4.28108000755;0.837217123045
130;4.32423305511;0.837217123045
131;4.33700799942;0.837217123045
132;4.32992696762;0.837217123045
133;4.34504199028;0.837217123045
134;4.31854605675;0.837217123045
135;4.3458750248;0.837217123045
136;4.33293795586;0.837217123045
