Ejecucion con tamaño de poblacion 100, con tasa de mutacion del 0.0103092783505%, y con torneos de 8
0;4.29147601128;0.863010860478
1;3.9915099144;0.861536111651
2;3.97338104248;0.860634486598
3;3.97366309166;0.856590161896
4;3.99881792068;0.855471729543
5;3.98296689987;0.852023152009
6;3.99138998985;0.851383339502
7;3.99687695503;0.850544945481
8;4.00472617149;0.848854157294
9;4.01057910919;0.847794332578
10;4.00538897514;0.845814487682
11;3.99191808701;0.843945622646
12;3.98633790016;0.841544227035
13;3.98590517044;0.841544227035
14;4.05236506462;0.839649439744
15;4.04738211632;0.838343964674
16;3.97080206871;0.836472399376
17;3.97454500198;0.836182939663
18;3.99059009552;0.835655230703
19;4.00077295303;0.83447191723
20;3.98661708832;0.833643959322
21;4.01188111305;0.832654723426
22;3.98655986786;0.830891662201
23;3.98673295975;0.830891662201
24;4.02175498009;0.829197367743
25;3.95660495758;0.828722321117
26;3.99059104919;0.827722197197
27;4.00478816032;0.827132860238
28;4.02244520187;0.826471184534
29;4.00745797157;0.825523359381
30;4.00155997276;0.82428082945
31;4.03968000412;0.823363756323
32;4.08396792412;0.821992825163
33;4.00058794022;0.821992825163
34;3.99056196213;0.82025317365
35;3.98818302155;0.819731865506
36;4.00634503365;0.819970817057
37;4.00785684586;0.819549224335
38;3.99392199516;0.819246631811
39;4.05960011482;0.818812600139
40;4.06226611137;0.818593621603
41;4.0269780159;0.818248096989
42;4.069272995;0.817950414405
43;4.05840420723;0.816893782221
44;4.06682491302;0.817551249481
45;4.06651902199;0.816544253815
46;4.01939487457;0.816786487162
47;3.99987411499;0.815314740522
48;3.92300796509;0.815834726758
49;4.01618003845;0.815834726758
50;3.99374103546;0.815791383413
51;4.04476690292;0.815351992852
52;4.02947616577;0.815351992852
53;4.00637412071;0.815165920921
54;4.00678706169;0.814414089506
55;4.01431512833;0.814038346108
56;4.04595112801;0.814038346108
57;4.03648591042;0.814222884158
58;4.00627183914;0.814087479854
59;3.9840669632;0.81398597651
60;3.96836304665;0.81398597651
61;3.99222588539;0.812904225454
62;3.97287583351;0.812633621632
63;4.05880689621;0.812488957411
64;4.04954385757;0.811796688666
65;4.04174304008;0.811796688666
66;4.05227708817;0.810957421687
67;4.0529088974;0.810430449162
68;4.04341387749;0.810430449162
69;3.99424886703;0.809763095818
70;3.98321795464;0.809763095818
71;3.97328400612;0.809646343934
72;3.96810388565;0.809341296999
73;3.96988797188;0.80927845847
74;3.97088289261;0.80927845847
75;3.97298502922;0.80927845847
76;3.98652696609;0.808405899633
77;3.9661860466;0.808405899633
78;3.96912407875;0.808075595991
79;3.95601201057;0.807959880245
80;3.95453286171;0.80743600775
81;3.96515989304;0.80758968268
82;3.97845387459;0.807105159539
83;3.95938110352;0.807167112587
84;3.98605585098;0.807105159539
85;4.0350830555;0.807105159539
86;4.02189588547;0.807105159539
87;4.00482201576;0.806970691204
88;3.99282598495;0.806519539996
89;3.97223210335;0.806666796836
90;3.95654702187;0.806838139329
91;3.99870109558;0.806482049971
92;4.02899909019;0.806776175179
93;3.9747171402;0.806710101942
94;4.04263305664;0.806776175179
95;3.96118807793;0.80652240566
96;3.95060896873;0.806610098092
97;3.95878601074;0.806164049221
98;3.96748685837;0.805959994789
99;4.01902198792;0.806018615979
100;3.96194005013;0.805744873214
101;3.96694397926;0.805744873214
102;3.97134900093;0.805525650512
103;3.98062801361;0.805882179647
104;3.96659588814;0.805787207078
105;3.94739890099;0.805525650512
106;3.97930812836;0.805677211541
107;3.99831485748;0.805525650512
108;4.01530098915;0.805687372199
109;3.96155190468;0.805646092448
110;3.97353601456;0.80534132381
111;3.94621014595;0.80534132381
112;3.98990416527;0.805280543178
113;3.99973392487;0.804828813506
114;4.00112104416;0.804650457811
115;4.00827908516;0.804521665026
116;4.02392983437;0.804589861956
117;4.00612211227;0.80457274084
118;3.99982190132;0.80430001499
119;4.00939917564;0.804639871286
120;4.00709986687;0.80430001499
121;4.00853300095;0.804438233762
122;4.0053050518;0.804594424328
123;4.08281803131;0.804767652632
124;4.06376791;0.804384801256
125;3.98436880112;0.80430001499
126;4.07510614395;0.804608421172
127;4.05706906319;0.80444200389
128;4.00065994263;0.803957249732
129;4.00158810616;0.804369241208
130;4.02449798584;0.804479483321
131;4.00381183624;0.804369241208
132;4.00313282013;0.804369241208
133;4.01287102699;0.804479483321
134;3.99861693382;0.804479483321
135;3.99788999557;0.804234402687
136;4.00577402115;0.804234402687
137;4.07692885399;0.804234402687
138;4.05477786064;0.803898703771
139;4.06349802017;0.803654191544
140;4.06465601921;0.803951196765
141;4.08709692955;0.803846726676
142;4.06593704224;0.803951196765
143;4.06012010574;0.803951196765
144;4.06547784805;0.803951196765
145;4.06479001045;0.803803939924
146;3.99084997177;0.8039035267
147;4.00431203842;0.803803939924
148;4.00332093239;0.803782518981
149;3.99293398857;0.803609900417
150;4.00289201736;0.803609900417
151;4.00340795517;0.803647171875
152;4.01088905334;0.803676619342
153;4.00244784355;0.80372607733
154;3.98624920845;0.802440463693
155;3.99367308617;0.802440463693
156;3.98979091644;0.802275733255
157;3.98800206184;0.80245966745
158;4.00616598129;0.802693837672
159;4.0053050518;0.802275733255
160;4.01093196869;0.802633933601
161;3.9959321022;0.80357869448
162;4.00404405594;0.802743785716
163;4.02276802063;0.802282994978
164;4.05854892731;0.802275733255
165;4.00236082077;0.802334594082
166;3.98281097412;0.802828908957
167;4.01463508606;0.802625470384
168;3.98811101913;0.802275733255
169;4.00500607491;0.802090154219
170;3.98502492905;0.802090154219
171;4.06924986839;0.802090154219
172;3.98542404175;0.802090154219
173;3.98625397682;0.802189751496
174;3.98107385635;0.802067866882
175;3.97353696823;0.801430959421
176;3.98651885986;0.801452037314
177;3.9848279953;0.801430959421
178;3.98338103294;0.801486417846
179;3.97576403618;0.801430959421
180;3.97180199623;0.801430959421
181;3.96398305893;0.801430959421
182;3.97397208214;0.801430959421
183;3.97337388992;0.801620512056
184;3.96353888512;0.801430959421
185;3.94268298149;0.801430959421
186;3.96674013138;0.801431495021
