Ejecucion con tamaño de poblacion 100, con tasa de mutacion del 0.01%, y con torneos de 2
0;2.07423996925;0.917115154195
1;2.00078892708;0.917115154195
2;1.96940398216;0.907435225974
3;1.94289398193;0.907435225974
4;1.96224522591;0.898616049104
5;1.96313905716;0.897664195518
6;1.94520401955;0.892267152599
7;1.9408390522;0.889765497323
8;1.95142221451;0.885662406286
9;1.94341993332;0.885662406286
10;1.9764919281;0.883572768227
11;1.97094893456;0.883347604911
12;1.97313714027;0.883347604911
13;1.97054290771;0.882573288431
14;2.95959591866;0.880440655059
15;1.94537687302;0.880440655059
16;1.94106483459;0.880086195365
17;1.94439196587;0.880086195365
18;1.94751191139;0.877799152927
19;1.94340610504;0.877799152927
20;1.97776198387;0.876632754208
21;1.9423251152;0.876102190097
22;1.96616101265;0.875330218315
23;1.93249702454;0.875330218315
24;2.93465280533;0.8752458512
25;1.93855690956;0.874699732674
26;1.94093894958;0.874063530143
27;1.94122695923;0.873584252344
28;2.13805913925;0.870447211311
29;1.96786785126;0.870447211311
30;1.96414589882;0.870447211311
31;1.97486877441;0.869378030332
32;1.97530007362;0.869234719524
33;1.95237803459;0.869234719524
34;1.96447110176;0.869034165102
35;1.9351439476;0.867507596909
36;1.94371795654;0.867507596909
37;1.93564605713;0.866349757744
38;1.967867136;0.864595641383
39;1.93081498146;0.864374430911
40;1.93647694588;0.864374430911
41;1.93942213058;0.864374430911
42;1.93565583229;0.864266522892
43;1.96777510643;0.864266522892
44;2.02551603317;0.863049135416
45;1.98847699165;0.862711905871
46;2.02507591248;0.862346780314
47;2.01590013504;0.860619961366
48;7.04551410675;0.860619961366
49;2.02413082123;0.860619961366
50;2.01442193985;0.857937785737
51;7.02501797676;0.857937785737
52;1.99267983437;0.857937785737
53;1.94732689857;0.857937785737
54;1.9842338562;0.85724254631
55;1.93440485001;0.85724254631
56;1.93181586266;0.85724254631
57;1.96005511284;0.853870558033
58;6.95554089546;0.853870558033
59;2.01173305511;0.853870558033
60;1.95027589798;0.853870558033
61;1.94117593765;0.853870558033
62;2.02371382713;0.853870558033
63;1.97601985931;0.851401354814
64;2.0041809082;0.851401354814
65;1.96071887016;0.851401354814
66;2.98185992241;0.851401354814
67;1.96424388885;0.851382139561
68;1.94344592094;0.851268285815
69;1.93693184853;0.850464189527
70;1.93748879433;0.850464189527
71;1.92767906189;0.850464189527
72;1.9961578846;0.850464189527
73;1.94216489792;0.850356683248
74;2.02356505394;0.850356683248
75;1.97674393654;0.850356683248
76;1.998721838;0.849679034251
77;1.92822599411;0.849679034251
78;1.94684696198;0.849679034251
79;1.93878483772;0.849679034251
80;6.98464608192;0.848045081531
81;1.97905302048;0.848045081531
82;1.98168706894;0.848045081531
83;1.97291684151;0.848045081531
84;1.94962286949;0.84790461929
85;1.93351197243;0.847781125315
86;1.93125581741;0.847781125315
87;1.95756602287;0.847781125315
88;1.96916985512;0.847781125315
89;1.92616510391;0.847781125315
90;1.92436003685;0.84747664285
91;1.92841887474;0.84747664285
92;1.93687295914;0.84747664285
93;1.931828022;0.84747664285
94;1.92357993126;0.84747664285
95;1.91758012772;0.84747664285
96;1.92728710175;0.84719780408
97;1.9294989109;0.84719780408
98;1.93928599358;0.84719780408
99;1.94895005226;0.84719780408
100;1.96726608276;0.84719780408
101;1.98316383362;0.84719780408
102;1.95254516602;0.84719780408
103;1.95341110229;0.845294545887
104;1.92693400383;0.845294545887
105;1.93587088585;0.845294545887
106;1.93258500099;0.845294545887
107;1.9513669014;0.845294545887
108;1.97247099876;0.845294545887
109;1.91781187057;0.845294545887
110;1.96015000343;0.845294545887
111;1.96497011185;0.845294545887
112;1.91483712196;0.845294545887
113;1.92884707451;0.845294545887
114;1.8656680584;0.845294545887
115;1.92613005638;0.844644479926
116;1.93895196915;0.844644479926
117;1.94367909431;0.844644479926
118;1.97319984436;0.844644479926
119;6.94593405724;0.844644479926
120;1.90859079361;0.844644479926
121;2.12812209129;0.843969323781
122;1.92801594734;0.843969323781
123;1.92395401001;0.843969323781
124;1.91643810272;0.843969323781
125;1.92416501045;0.843969323781
126;2.92287898064;0.843969323781
127;1.91791510582;0.843969323781
128;1.92596483231;0.843584256086
129;1.94760489464;0.843584256086
130;1.93188285828;0.843584256086
131;2.12086701393;0.843584256086
132;1.92846703529;0.843584256086
133;1.93541002274;0.842779589802
134;1.92812895775;0.842779589802
135;1.93113589287;0.842779589802
136;1.92325186729;0.842779589802
137;1.94087505341;0.842779589802
138;1.95278787613;0.842779589802
139;1.92480993271;0.842779589802
140;1.90785121918;0.842779589802
141;2.91037511826;0.842779589802
142;1.92403697968;0.842779589802
143;1.93472909927;0.842779589802
144;1.92242598534;0.842779589802
145;1.92181897163;0.842779589802
