Ejecucion con tamaño de poblacion 100, con tasa de mutacion del 0.0103092783505%, y con torneos de 8
0;3.70837020874;0.901041619983
1;3.71746993065;0.899347680869
2;3.73919296265;0.894334144212
3;3.79042410851;0.886693668513
4;3.81469798088;0.881147049252
5;3.75002408028;0.879488560508
6;3.74117183685;0.876846353223
7;3.75281500816;0.875798415382
8;3.72449302673;0.87514964205
9;3.72584986687;0.873745579184
10;3.72190999985;0.872200464913
11;3.74100494385;0.87154132636
12;3.72778320312;0.869396975488
13;3.73213195801;0.866259123588
14;3.719009161;0.865091646875
15;3.74412703514;0.865091646875
16;3.80345511436;0.86445698285
17;3.78936219215;0.863983764842
18;3.80803990364;0.863339746192
19;3.73806715012;0.863178916033
20;3.71960806847;0.86269455517
21;3.72092604637;0.86117375451
22;3.72099900246;0.860052553302
23;3.71848201752;0.857281468418
24;3.71545791626;0.857281468418
25;3.73779201508;0.855923703231
26;3.72889995575;0.855816066833
27;3.71504116058;0.855577886475
28;3.7132768631;0.855386135133
29;3.70286798477;0.853237787143
30;3.74437594414;0.853237373442
31;3.70587301254;0.851396809658
32;3.69554805756;0.850413539718
33;3.70838785172;0.850413539718
34;3.69681286812;0.849997514236
35;3.69945502281;0.849929006075
36;3.73574209213;0.849751456939
37;3.7187230587;0.849012617452
38;3.72887396812;0.849010177844
39;3.72906303406;0.848623284214
40;3.71593093872;0.847902300218
41;3.72461891174;0.846611428674
42;3.70305800438;0.846611428674
43;3.72262477875;0.846465689336
44;3.72287678719;0.846465689336
45;3.7032148838;0.845387686675
46;3.70380091667;0.845387686675
47;3.72710299492;0.84519756505
48;3.78669500351;0.84519756505
49;3.7157959938;0.844428830444
50;3.70498013496;0.843501053409
51;3.71691608429;0.843422544958
52;3.72437095642;0.84315336806
53;3.73000311852;0.841827482813
54;3.74022698402;0.841827482813
55;3.71959996223;0.841690901028
56;3.69973397255;0.841165067943
57;3.70532894135;0.841058505013
58;3.69041705132;0.841058505013
59;3.7789170742;0.840311425382
60;3.72288799286;0.839528585614
61;3.77028918266;0.839528585614
62;3.7790210247;0.839528585614
63;3.77264308929;0.83947026415
64;3.76031303406;0.83837115501
65;3.71073102951;0.837729842938
66;3.73786497116;0.837729842938
67;3.71880602837;0.83771693017
68;3.78528094292;0.837459336702
69;3.78396701813;0.837454520275
70;3.77047419548;0.837160551557
71;3.76304602623;0.837156177457
72;3.7618868351;0.836888607326
73;3.76628899574;0.836888607326
74;3.77323484421;0.836569116548
75;3.73574399948;0.836569116548
76;3.76760101318;0.835912963484
77;3.70203208923;0.835912963484
78;3.70359110832;0.835912963484
79;3.70436906815;0.835597479611
80;3.71432495117;0.835597479611
81;3.71005511284;0.835597479611
82;3.7115418911;0.835597479611
83;3.70306801796;0.835106151996
84;3.72241306305;0.835106151996
85;3.89482283592;0.835106151996
86;3.70945000648;0.835106151996
87;3.76793718338;0.835106151996
88;3.77320599556;0.834704288123
89;3.71388506889;0.834704288123
90;3.71468091011;0.834704288123
91;3.73984503746;0.834704288123
92;3.70367908478;0.834704288123
93;3.70308899879;0.834704288123
94;3.70879602432;0.834704288123
95;3.70639801025;0.834648080135
96;3.70779800415;0.834648080135
97;3.71922302246;0.834059165391
98;3.70852398872;0.834059165391
99;3.72288584709;0.834059165391
100;3.7806699276;0.834059165391
101;3.71012496948;0.834059165391
102;3.70792484283;0.834059165391
103;3.70748114586;0.834059165391
104;3.73091697693;0.834059165391
105;3.71251416206;0.834059165391
106;3.70261693001;0.834059165391
107;3.70119595528;0.8338965789
108;3.70720696449;0.8338965789
109;3.75430107117;0.8338965789
110;3.77310800552;0.8338965789
111;3.76430797577;0.8338965789
112;3.71962404251;0.8338965789
113;3.70901203156;0.833815959908
114;3.75348305702;0.833815959908
115;3.79592514038;0.833815959908
116;3.73295998573;0.833815959908
117;3.70080184937;0.833371181637
118;3.71652507782;0.833371181637
119;3.70731019974;0.833371181637
120;3.68826889992;0.833371181637
121;3.70547890663;0.833371181637
122;3.70139813423;0.833371181637
123;3.70470499992;0.833371181637
124;3.71413397789;0.833273067733
125;3.74181008339;0.833273067733
126;3.70679998398;0.833273067733
127;3.69773221016;0.833019090804
128;3.70118808746;0.833019090804
129;3.76572108269;0.832634873808
130;3.76527285576;0.832634873808
131;3.76128315926;0.832634873808
132;3.68189311028;0.832634873808
133;3.71127796173;0.832634873808
134;3.54924297333;0.832634873808
135;3.56931114197;0.832126332917
136;3.67250108719;0.832126332917
137;3.75550293922;0.832126332917
138;3.77378702164;0.832126332917
139;3.7719540596;0.832126332917
140;3.76640892029;0.832126332917
141;3.77500915527;0.831720814683
142;3.7785089016;0.831720814683
143;3.71206617355;0.831720814683
144;3.72827410698;0.831720814683
145;3.70029306412;0.831720814683
146;3.69000101089;0.831720814683
147;3.71015691757;0.831720814683
148;3.69377589226;0.831720814683
149;3.73403501511;0.831720814683
150;3.75575685501;0.831720814683
151;3.76443719864;0.831720814683
152;3.76385593414;0.831720814683
153;3.70195817947;0.831720814683
154;3.7030479908;0.831720814683
155;3.69453501701;0.831720814683
