Ejecucion con tamaño de poblacion 100, con tasa de mutacion del 0.01%, y con torneos de 4
0;3.55790305138;0.934787498258
1;2.53771495819;0.914339849211
2;2.53962206841;0.914339849211
3;2.55036711693;0.89765339225
4;2.54064798355;0.89765339225
5;2.54666686058;0.890079661229
6;2.54929208755;0.88561779748
7;2.57528305054;0.885165501582
8;2.61529803276;0.883803532352
9;2.54323101044;0.880072129584
10;2.57658410072;0.878190594188
11;2.56190490723;0.875528482151
12;2.68491721153;0.875030379797
13;2.61694312096;0.872682294719
14;2.51870203018;0.87182065401
15;7.62005019188;0.871804213713
16;3.56323313713;0.869404527711
17;2.57110190392;0.869404527711
18;2.55218195915;0.866477200408
19;2.60028100014;0.866477200408
20;2.6185028553;0.866477200408
21;2.5478541851;0.866477200408
22;2.56001210213;0.865676006208
23;2.5265879631;0.865206630647
24;2.58423519135;0.864283842729
25;2.49412822723;0.864283842729
26;2.607380867;0.862294154163
27;2.57120299339;0.862294154163
28;2.54235196114;0.86182905532
29;2.57287502289;0.86062566119
30;2.58958983421;0.859404097722
31;2.50793981552;0.857857135942
32;2.55835294724;0.856863052475
33;2.55248212814;0.856534217414
34;2.56167507172;0.856230698693
35;2.53141903877;0.855333717899
36;2.59579801559;0.852795680468
37;2.54293203354;0.852795680468
38;2.56914496422;0.852795680468
39;3.57358002663;0.851621419487
40;2.61569499969;0.850661987476
41;2.55138421059;0.849495332403
42;2.5521068573;0.849495332403
43;2.59253311157;0.84736251509
44;2.52298903465;0.84736251509
45;2.57878303528;0.84736251509
46;2.49877285957;0.84736251509
47;3.58279585838;0.847025705615
48;2.57865595818;0.847005337472
49;2.57470703125;0.84650503939
50;2.54946613312;0.84650503939
51;2.52995800972;0.845602449489
52;2.59781098366;0.845602449489
53;2.5648829937;0.845602449489
54;2.81707906723;0.845602449489
55;2.51546287537;0.845394833151
56;2.57756614685;0.845394833151
57;2.49979686737;0.845394833151
58;2.8182618618;0.845394833151
59;2.58817195892;0.845394833151
60;2.54052495956;0.844898832462
61;2.57056593895;0.844576561396
62;2.56625103951;0.843608630703
63;2.55474305153;0.843608630703
64;2.55468201637;0.843608630703
65;2.60347890854;0.843608630703
66;2.56925010681;0.843608630703
67;2.61767101288;0.843608630703
68;2.61629104614;0.843608630703
69;2.6374900341;0.843247251127
70;2.58164000511;0.843247251127
71;2.63520407677;0.842143070906
72;2.63522481918;0.842143070906
73;3.6215801239;0.842143070906
74;2.53728485107;0.842143070906
75;2.55595684052;0.841354963216
76;2.57190608978;0.841354963216
77;2.62983298302;0.841354963216
78;2.61649990082;0.841354963216
79;2.58935594559;0.841215212058
80;2.56323099136;0.841215212058
81;2.53805494308;0.841215212058
82;2.56299591064;0.840675305742
83;2.60573387146;0.840675305742
84;2.51566314697;0.840675305742
85;2.49736094475;0.840675305742
86;2.51995110512;0.840675305742
87;2.55608892441;0.840675305742
88;2.53062415123;0.840675305742
89;2.55143785477;0.840061049288
90;2.54423999786;0.838875923706
91;2.54993605614;0.838875923706
92;3.57415413857;0.838875923706
93;2.54600811005;0.838875923706
94;2.58645391464;0.838875923706
95;2.54211783409;0.838875923706
96;2.5983171463;0.838875923706
97;2.54768610001;0.838875923706
98;2.54425811768;0.838875923706
99;7.61235404015;0.838754325776
100;2.56698012352;0.838754325776
101;7.62560105324;0.838754325776
102;2.57464003563;0.838754325776
103;2.54043006897;0.838072351371
104;2.53601002693;0.838072351371
105;2.57966995239;0.838072351371
106;2.62636113167;0.838072351371
107;2.54973697662;0.838072351371
108;2.65218687057;0.838072351371
109;2.62933182716;0.838072351371
110;3.60877418518;0.837827372808
111;2.57410120964;0.83775329379
112;2.62091898918;0.83775329379
113;2.61291599274;0.83775329379
114;2.64743995667;0.83775329379
115;2.57439303398;0.83775329379
116;2.64741802216;0.83775329379
117;2.58820295334;0.83775329379
118;2.59000205994;0.83775329379
119;2.54544401169;0.83775329379
120;2.56122708321;0.83775329379
121;3.60951089859;0.83740560844
122;2.58240699768;0.83740560844
123;2.58650708199;0.83740560844
124;2.53418588638;0.83740560844
125;3.63621902466;0.83740560844
126;2.55033993721;0.83740560844
127;2.58676195145;0.83740560844
128;2.58987498283;0.83740560844
129;2.53613996506;0.83740560844
130;2.57384490967;0.83740560844
131;2.557336092;0.83740560844
132;7.58783102036;0.83740560844
133;2.61873412132;0.83740560844
-------------------------------------PARADA
134;2.54869914055;0.83740560844
135;2.56451582909;0.83740560844
136;2.57470202446;0.83740560844
137;2.53698706627;0.83740560844
138;2.55415606499;0.83740560844
139;2.58300900459;0.83740560844
140;2.52606797218;0.836303620514
141;2.57139706612;0.836303620514
142;2.55589985847;0.836303620514
143;2.58835315704;0.836303620514
144;2.54065608978;0.836303620514
145;2.54497003555;0.836303620514
146;2.56059503555;0.836303620514
147;2.56680703163;0.836303620514
148;2.55220508575;0.836303620514
149;2.55917406082;0.836303620514
150;7.60884404182;0.836303620514
151;2.54949498177;0.836166328521
152;2.58253884315;0.836166328521
153;2.60315585136;0.835927637347
154;2.59290194511;0.835927637347
155;2.64287805557;0.835927637347
156;2.59219408035;0.835927637347
157;2.64762806892;0.835927637347
158;2.65901684761;0.835927637347
159;3.58582496643;0.835927637347
160;2.55725002289;0.835927637347
161;2.60325789452;0.835868278376
162;2.56797003746;0.835868278376
163;2.6069381237;0.83563876396
164;2.56728792191;0.83563876396
165;2.61114001274;0.835177439675
166;7.61922216415;0.835177439675
167;2.60493588448;0.835177439675
168;2.57664084435;0.835177439675
169;2.56300997734;0.835177439675
170;2.58056092262;0.835177439675
171;2.58299994469;0.835177439675
172;2.79045891762;0.835177439675
173;2.61133599281;0.835177439675
174;2.55417895317;0.835177439675
175;2.57570505142;0.835177439675
176;2.55616903305;0.835177439675
177;2.54974198341;0.835177439675
178;2.55897188187;0.835177439675
179;2.54083204269;0.835177439675
180;2.5746319294;0.835177439675
181;2.56494402885;0.835177439675
182;2.51215791702;0.835177439675
183;2.56820106506;0.835177439675
184;2.57258796692;0.835177439675
185;2.61225795746;0.835177439675
186;2.5834710598;0.835177439675
187;7.55658888817;0.835177439675
188;2.59994506836;0.835177439675
189;2.54468107224;0.835177439675
190;2.54464507103;0.835177439675
191;2.54375886917;0.835177439675
192;2.6120929718;0.835177439675
193;2.56443786621;0.835177439675
194;2.58400893211;0.835177439675
195;2.55432796478;0.835177439675
196;2.55715489388;0.835177439675
197;3.59509897232;0.834579959226
198;2.60451006889;0.834579959226
199;2.55252218246;0.834579959226
200;2.55620098114;0.834579959226
201;2.55077290535;0.834579959226
202;2.55211687088;0.834579959226
203;2.56011414528;0.834579959226
204;2.4914700985;0.834456559735
205;2.50884079933;0.83437265601
206;2.58526802063;0.83437265601
207;2.5819849968;0.83437265601
208;2.54372882843;0.83437265601
209;2.51978588104;0.83437265601
210;2.53948092461;0.83437265601
211;2.54944586754;0.83437265601
212;2.62294387817;0.83437265601
213;2.51828503609;0.83437265601
214;2.5596101284;0.83437265601
215;2.52493619919;0.83437265601
216;3.59633588791;0.83437265601
217;2.60341501236;0.83437265601
218;2.55184102058;0.83437265601
219;2.59169220924;0.83437265601
220;2.54135298729;0.83437265601
221;2.55797505379;0.83437265601
222;2.55605101585;0.83437265601
223;2.5917289257;0.83437265601
224;2.54025197029;0.83437265601
225;2.56362318993;0.83437265601
226;2.55397701263;0.83437265601
227;2.50113892555;0.83437265601
228;2.57475280762;0.833956630527
229;2.59371900558;0.833956630527
230;2.53398299217;0.833956630527
231;7.60280299187;0.833956630527
232;2.60308384895;0.833956630527
233;2.79932117462;0.833956630527
234;2.61166095734;0.833900897944
235;2.61292600632;0.833900897944
236;3.55805683136;0.833900897944
237;2.62955999374;0.833900897944
238;2.61344814301;0.833900897944
239;2.61457300186;0.833900897944
240;2.60562491417;0.833900897944
241;2.56674599648;0.833900897944
242;2.56470394135;0.833900897944
243;2.58873105049;0.833859128349
244;2.55135989189;0.833758952164
245;2.55434703827;0.833758952164
246;2.53826093674;0.833758952164
247;2.55133008957;0.833758952164
248;2.54533100128;0.833378779653
249;2.55058407784;0.833378779653
250;2.55807089806;0.833378779653
251;2.64138698578;0.833378779653
252;2.60112094879;0.833378779653
253;2.58318996429;0.833378779653
254;2.64609003067;0.833378779653
255;7.62740397453;0.833378779653
256;2.59185600281;0.833378779653
257;2.53732514381;0.833378779653
258;2.55029296875;0.833378779653
259;2.51533389091;0.833378779653
260;2.53918600082;0.833378779653
261;2.60950112343;0.833222067371
262;2.5522441864;0.833222067371
263;2.54272294044;0.833222067371
264;7.5623421669;0.833222067371
265;2.59527897835;0.833222067371
266;2.54877614975;0.833222067371
267;2.5355091095;0.833073837736
268;2.55468201637;0.833073837736
269;2.54094600677;0.833073837736
270;2.55179905891;0.833073837736
271;2.55250501633;0.833073837736
272;2.55914306641;0.833073837736
273;2.5395450592;0.833073837736
274;2.55451607704;0.833073837736
275;2.52383494377;0.832893352048
276;2.47651314735;0.832893352048
277;2.53498101234;0.832893352048
278;2.59986615181;0.832893352048
279;2.60413217545;0.832893352048
280;2.59707999229;0.832893352048
281;2.57418608665;0.832893352048
282;2.54262590408;0.832702775493
283;2.55190992355;0.832702775493
284;2.52882885933;0.832702775493
285;2.55122494698;0.832702775493
286;2.54081487656;0.832702775493
287;2.54897689819;0.832702775493
288;2.65519785881;0.832702775493
289;2.5798561573;0.832702775493
290;2.56791996956;0.832702775493
291;2.53676986694;0.832702775493
292;2.53404712677;0.832702775493
293;2.55846214294;0.832681382941
294;3.56986618042;0.832681382941
295;2.52889299393;0.832681382941
296;2.52664899826;0.832465113029
297;2.54274082184;0.832465113029
298;2.54666805267;0.832465113029
299;2.54294896126;0.832465113029
300;2.54042887688;0.832465113029
301;2.54320812225;0.832465113029
302;2.54437279701;0.832465113029
303;2.5533759594;0.832465113029
304;2.55475497246;0.832465113029
305;3.60431480408;0.832465113029
306;2.55769014359;0.832465113029
307;2.55738401413;0.832465113029
308;7.58137702942;0.832465113029
309;2.575548172;0.832465113029
310;2.54065394402;0.832465113029
311;2.53784012794;0.832465113029
312;2.55365395546;0.832465113029
313;2.551197052;0.832465113029
314;2.55936694145;0.832465113029
315;2.54954504967;0.832465113029
316;2.57718706131;0.832465113029
317;2.5879650116;0.832465113029
318;2.54281711578;0.832465113029
319;2.54942393303;0.832465113029
320;2.54297709465;0.832465113029
321;2.59142804146;0.832465113029
322;2.52734398842;0.832465113029
323;2.53282904625;0.832465113029
324;2.58045005798;0.832465113029
325;2.52184581757;0.832465113029
326;3.54835700989;0.832465113029
327;2.54738593102;0.832465113029
328;2.54940199852;0.832465113029
329;7.54870605469;0.832465113029
330;2.60060501099;0.832465113029
331;3.58141112328;0.832465113029
332;2.57598209381;0.832465113029
333;2.5545539856;0.832465113029
334;2.48911499977;0.832465113029
335;7.54399299622;0.832465113029
336;2.49861717224;0.832465113029
337;2.54433298111;0.832465113029
338;2.56249785423;0.832465113029
339;2.49179315567;0.832465113029
340;7.60310101509;0.832465113029
341;2.56168913841;0.832465113029
342;2.55366611481;0.832465113029
343;2.51179504395;0.832465113029
344;2.54780602455;0.832465113029
345;2.61610507965;0.832465113029
346;2.56301212311;0.832465113029
347;2.51820611954;0.832465113029
348;2.55036306381;0.832465113029
349;2.59286808968;0.832465113029
350;2.60582208633;0.832465113029
351;2.5521478653;0.832465113029
352;2.58294510841;0.832465113029
353;2.49823093414;0.832465113029
354;2.5582909584;0.832465113029
355;2.56119418144;0.832465113029
356;2.56823301315;0.832465113029
357;2.60372209549;0.832465113029
358;2.80071902275;0.832465113029
359;2.55308485031;0.832465113029
360;2.5395720005;0.832465113029
361;2.49408102036;0.832465113029
362;3.61758494377;0.832465113029
363;2.54714298248;0.832465113029
364;2.54007196426;0.832465113029
365;3.6066069603;0.832465113029
366;2.60364317894;0.832465113029
367;2.55303812027;0.832465113029
368;3.52418899536;0.832465113029
369;2.61460709572;0.832465113029
370;2.52874398232;0.832465113029
371;2.53189110756;0.832465113029
372;7.61659502983;0.832465113029
373;2.59876203537;0.832465113029
374;2.56997394562;0.832465113029
375;2.52492594719;0.832465113029
376;2.60526204109;0.832465113029
377;2.50977611542;0.832465113029
378;2.53594088554;0.832465113029
379;2.56158399582;0.832465113029
380;2.54612994194;0.832465113029
381;2.57087492943;0.832465113029
382;2.55365610123;0.832371564762
383;2.56336712837;0.832371564762
384;2.52309203148;0.832371564762
385;2.54432702065;0.832371564762
386;2.56993198395;0.832371564762
387;2.56840991974;0.832371564762
388;2.54940295219;0.832371564762
389;7.60381007195;0.832371564762
390;2.65291881561;0.832371564762
391;2.59858608246;0.832371564762
392;2.55607199669;0.832371564762
393;2.54591798782;0.832371564762
394;2.5684659481;0.832371564762
395;3.65090489388;0.832371564762
396;2.66226410866;0.832371564762
397;2.57581686974;0.832371564762
398;2.55399298668;0.832371564762
399;2.55664801598;0.832371564762
400;2.56828594208;0.832371564762
401;2.64715981483;0.832371564762
402;2.58283400536;0.832371564762
403;2.527987957;0.832371564762
404;2.5087788105;0.832371564762
405;2.5766351223;0.832371564762
406;2.59607505798;0.832371564762
407;2.61493802071;0.832371564762
408;2.54955005646;0.832371564762
409;2.57686185837;0.832327349773
410;7.61189293861;0.832327349773
411;2.56552505493;0.832327349773
412;3.56217598915;0.832327349773
413;2.56381392479;0.832327349773
414;2.53620100021;0.832327349773
415;3.54837703705;0.832327349773
416;2.55117106438;0.832327349773
417;2.57698893547;0.832327349773
418;2.57717895508;0.832327349773
419;2.55049800873;0.832327349773
420;2.57305598259;0.832327349773
421;2.52151489258;0.832327349773
422;2.56029891968;0.832327349773
423;3.59421300888;0.832327349773
424;2.57648491859;0.832327349773
425;2.57310605049;0.832327349773
426;2.51106190681;0.832327349773
427;2.50238609314;0.832327349773
428;2.55900979042;0.832327349773
429;2.54143118858;0.832327349773
430;2.58496189117;0.832327349773
431;2.55321717262;0.832327349773
432;2.53845882416;0.831864640077
433;2.55155897141;0.831864640077
434;3.65113091469;0.831864640077
435;2.57731986046;0.831864640077
436;2.59223985672;0.831864640077
437;3.56693005562;0.831864640077
438;2.62901902199;0.831864640077
439;2.5974779129;0.831864640077
440;2.61235308647;0.831864640077
441;2.55006814003;0.831864640077
442;2.55509996414;0.831864640077
443;2.57338786125;0.831864640077
444;2.50955104828;0.831864640077
445;2.57140088081;0.831864640077
446;2.57867407799;0.831864640077
447;2.63344788551;0.831864640077
448;2.59751701355;0.831864640077
449;2.58841896057;0.831864640077
450;2.61770296097;0.831864640077
451;2.59912204742;0.831864640077
452;2.61906290054;0.831864640077
453;2.57523488998;0.831864640077
454;2.63604402542;0.831864640077
455;2.60585212708;0.831864640077
456;2.60170602798;0.831864640077
457;2.59040999413;0.831864640077
458;2.61167001724;0.831864640077
459;2.57303404808;0.831864640077
460;2.74040794373;0.831864640077
461;2.63907313347;0.831864640077
462;2.58982515335;0.831864640077
463;2.59493994713;0.831864640077
464;3.55766201019;0.831864640077
465;2.53229498863;0.831864640077
466;2.5623049736;0.831864640077
467;7.58493804932;0.831864640077
468;2.52934408188;0.831864640077
469;2.59471917152;0.831864640077
470;2.5745677948;0.831864640077
471;2.58619189262;0.831864640077
472;2.59230399132;0.831864640077
473;2.5100839138;0.831864640077
474;2.54412817955;0.831864640077
475;2.60596394539;0.831864640077
476;2.58976793289;0.831864640077
477;7.65755105019;0.831864640077
478;2.53965497017;0.831864640077
479;2.55152392387;0.831864640077
480;2.56798195839;0.831864640077
481;2.58837509155;0.831864640077
482;3.60635399818;0.831864640077
483;2.65257000923;0.831864640077
484;2.64912414551;0.831864640077
485;2.60600614548;0.831864640077
486;2.60418176651;0.831864640077
487;2.59454584122;0.831864640077
488;2.65225291252;0.831864640077
489;2.6174390316;0.831864640077
490;2.58275604248;0.831864640077
491;2.6527671814;0.831864640077
492;2.53169894218;0.831796276315
493;2.65901899338;0.831796276315
494;2.59777879715;0.831796276315
495;2.5297100544;0.831796276315
496;2.53341293335;0.831796276315
497;2.56921100616;0.831796276315
498;2.57325816154;0.831796276315
499;2.57645201683;0.831796276315
