Ejecucion con tamaño de poblacion 100, con tasa de mutacion del 0.0344827586207%, y con torneos de 8
0;3.64275407791;0.928976982277
1;3.70732402802;0.924976975008
2;3.7168200016;0.91787715456
3;3.70766305923;0.897618364717
4;3.71177601814;0.892292187986
5;3.69260001183;0.886461262534
6;3.69754385948;0.885801773687
7;3.68621492386;0.884855967774
8;3.69076704979;0.883128729329
9;3.69309306145;0.879622609012
10;3.66558384895;0.877514287002
11;3.70538496971;0.874859203253
12;3.71975207329;0.8748499812
13;3.84056401253;0.873441062587
14;3.74140405655;0.871396564985
15;3.69045996666;0.868836720294
16;3.69251012802;0.864947864801
17;3.68179821968;0.864947864801
18;3.68351888657;0.864947864801
19;3.7003030777;0.864947864801
20;3.68899106979;0.864947864801
21;3.68133497238;0.864947864801
22;3.69189882278;0.863876150792
23;3.69158411026;0.863876150792
24;3.68192887306;0.86332420397
25;3.70310497284;0.860229759685
26;3.76032400131;0.860229759685
27;3.75357913971;0.858962525422
28;3.70351719856;0.858962525422
29;3.67949390411;0.857221142432
30;3.69189596176;0.857221142432
31;3.72309494019;0.857221142432
32;3.84551095963;0.857221142432
33;3.70127916336;0.856969802807
34;3.66693997383;0.856288090895
35;3.68534708023;0.854396540768
36;3.68587803841;0.854396540768
37;3.6949570179;0.853831167285
38;3.70130896568;0.8535584376
39;3.73726010323;0.852178010803
40;3.82023096085;0.852178010803
41;3.76885700226;0.852178010803
42;3.81158089638;0.852178010803
43;3.74331617355;0.852178010803
44;3.67460107803;0.852178010803
45;3.65681481361;0.852178010803
46;3.69144392014;0.852178010803
47;3.68790006638;0.852178010803
48;3.68689799309;0.852178010803
49;3.67416191101;0.852178010803
50;3.70585513115;0.851605051997
51;3.67968320847;0.851605051997
52;3.69811201096;0.851605051997
53;3.8375480175;0.851605051997
54;3.70517492294;0.851605051997
55;3.67983794212;0.851605051997
56;3.67820310593;0.851605051997
57;3.70194911957;0.851605051997
58;3.7093629837;0.851605051997
59;3.68981194496;0.851605051997
60;3.67977690697;0.851605051997
61;3.68139505386;0.851605051997
62;3.67058396339;0.851605051997
63;3.68067193031;0.851605051997
