Ejecucion con tamaño de poblacion 100, con tasa de mutacion del 0.0196078431373%, y con torneos de 8
0;3.64653396606;0.924557559601
1;3.68247509003;0.912001223183
2;3.68204903603;0.895428034075
3;3.67966198921;0.89185994087
4;3.69423508644;0.888778216868
5;3.69745206833;0.888073528247
6;3.70795297623;0.887189308112
7;3.69113516808;0.882172006848
8;3.69050312042;0.881985117752
9;3.69415402412;0.877607136693
10;3.6910340786;0.877607136693
11;3.68087100983;0.877607136693
12;3.83430194855;0.873877606241
13;3.77519392967;0.871030970215
14;3.75395202637;0.870858618132
15;3.751734972;0.869913660236
16;3.69159793854;0.869109987358
17;3.69554400444;0.86768536627
18;3.71530389786;0.86768536627
19;3.68974113464;0.866392405347
20;3.66777205467;0.864623140225
21;3.68879413605;0.864623140225
22;3.68600606918;0.864623140225
23;3.70357298851;0.863144232693
24;3.67711520195;0.862168075358
25;3.67568802834;0.861855260603
26;3.69314002991;0.860710769991
27;3.685765028;0.860568614376
28;3.98779296875;0.858520576371
29;4.31635594368;0.858158363165
30;4.26622009277;0.858158363165
31;4.20932197571;0.858158363165
32;4.28943514824;0.857790161335
33;4.36797118187;0.857534752231
34;4.32476210594;0.855632679352
35;4.3781170845;0.855233027409
36;4.34373903275;0.854266952152
37;4.27613997459;0.853983860824
38;4.34928202629;0.853092537675
39;4.34410595894;0.851574606257
40;4.33469796181;0.851261118832
41;4.35897803307;0.849279434817
42;4.26620101929;0.84655435942
43;4.24363803864;0.84655435942
44;4.29560685158;0.84655435942
45;4.35208201408;0.84655435942
46;4.32940983772;0.84655435942
47;4.30743598938;0.84655435942
48;4.31369018555;0.84655435942
49;4.26137685776;0.84655435942
50;4.37181591988;0.84655435942
51;4.33654999733;0.844673997298
52;4.31874513626;0.844673997298
53;4.35412311554;0.843575303898
54;4.32505893707;0.843575303898
55;4.34461784363;0.843575303898
56;4.34050297737;0.843575303898
57;4.27360081673;0.843575303898
58;4.26810002327;0.843575303898
59;3.86372208595;0.843575303898
60;3.696641922;0.843575303898
61;3.6848988533;0.843575303898
62;3.78571605682;0.843575303898
63;3.70398592949;0.843575303898
64;3.70151591301;0.842734693511
65;3.71159410477;0.842734693511
66;3.68270206451;0.842734693511
67;3.69061994553;0.842734693511
68;3.72800207138;0.842734693511
69;3.85554409027;0.842734693511
70;3.88318610191;0.842734693511
71;3.83120799065;0.842616069423
72;3.69097781181;0.842616069423
73;3.69277477264;0.842616069423
74;3.69611907005;0.842616069423
75;3.72328805923;0.842093207288
76;3.69017982483;0.84152935262
77;3.69254803658;0.84152935262
78;3.85334205627;0.84152935262
79;3.87722587585;0.84152935262
80;3.87251210213;0.841479483596
81;3.72711896896;0.841479483596
82;3.69460391998;0.841479483596
83;3.67978215218;0.841479483596
84;3.71250796318;0.841479483596
85;3.86223006248;0.841479483596
86;3.78851294518;0.841479483596
87;3.71123504639;0.841479483596
88;3.79407501221;0.841479483596
89;3.69854283333;0.841479483596
90;3.6906619072;0.841479483596
91;3.69284081459;0.841479483596
92;3.69105505943;0.841479483596
93;3.69068193436;0.841407645223
94;3.80104804039;0.841407645223
95;3.69071793556;0.841407645223
96;3.68255901337;0.841407645223
97;3.70172786713;0.841407645223
98;3.70090794563;0.841407645223
99;3.69458913803;0.841407645223
100;3.70165991783;0.841407645223
101;3.70466589928;0.841407645223
102;3.69847893715;0.841407645223
103;3.69767594337;0.841407645223
