Ejecucion con tamaño de poblacion 100, con tasa de mutacion del 0.0103092783505%, y con torneos de 8
0;3.75500798225;0.925522764996
1;3.78754091263;0.919103019907
2;3.63733506203;0.907721759754
3;3.58409380913;0.896488680786
4;3.71476817131;0.892210195724
5;3.76275801659;0.889213667519
6;3.75382995605;0.885656685458
7;3.74997997284;0.884194667376
8;3.75267791748;0.883102213725
9;3.75240588188;0.881582352008
10;3.75860404968;0.88058887399
11;3.74546194077;0.877132029682
12;3.75043916702;0.876112287978
13;3.73982191086;0.874378727285
14;3.8009929657;0.872847354072
15;3.81456112862;0.870954302593
16;3.80950593948;0.870649075867
17;3.73628497124;0.867233082186
18;3.71873188019;0.866996572292
19;3.7287671566;0.86332720467
20;3.72384500504;0.862103686563
21;3.73405790329;0.860911114486
22;3.73989701271;0.860911114486
23;3.7416009903;0.86038810515
24;3.75537896156;0.859339704934
25;3.80882310867;0.858649197857
26;3.79086303711;0.858269186811
27;3.73029994965;0.856850869133
28;3.71433496475;0.856514697639
29;3.71708917618;0.855103479143
30;3.78160715103;0.855103479143
31;3.80543398857;0.854925985142
32;3.78742003441;0.853263001649
33;3.78774499893;0.852922247454
34;3.77995705605;0.852656399611
35;3.71435499191;0.85123045596
36;3.73178696632;0.85123045596
37;3.76823282242;0.85123045596
38;3.79208803177;0.850462641959
39;3.78365421295;0.850013290489
40;3.78216814995;0.850013290489
41;3.79487204552;0.84971509332
42;3.79720497131;0.849154310414
43;3.79711818695;0.848611531444
44;3.78744888306;0.848485544584
45;3.76361489296;0.847011456054
46;3.73106098175;0.847011456054
47;3.72438192368;0.846616869892
48;3.71656608582;0.846616869892
49;3.74536013603;0.846616869892
50;3.78920984268;0.845496107464
51;3.76822686195;0.845496107464
52;3.76470899582;0.843883460167
53;3.77317118645;0.843883460167
54;3.76438593864;0.843883460167
55;3.77124714851;0.843883460167
56;3.95381593704;0.843713067204
57;3.74929714203;0.84332915684
58;3.77264404297;0.84321505796
59;3.76448202133;0.842533495749
60;3.71532487869;0.842533495749
61;3.74625301361;0.842510865792
62;3.77137088776;0.841836755951
63;3.71141505241;0.840324617243
64;3.71014618874;0.840324617243
65;3.71081995964;0.840324617243
66;3.71130013466;0.839794631678
67;3.68851399422;0.839773804744
68;3.77145385742;0.839773804744
69;3.77083015442;0.839773804744
70;3.74430894852;0.839773804744
71;3.71659684181;0.839477867417
72;3.69838500023;0.839477867417
73;3.70762276649;0.839042593541
74;3.70410013199;0.839042593541
75;3.71325302124;0.839042593541
76;3.76695394516;0.838932801691
77;3.71439814568;0.838914004809
78;3.69280099869;0.838815738692
79;3.7152569294;0.838815738692
80;3.71431112289;0.838815738692
81;3.71186208725;0.838220864853
82;3.74853205681;0.838220864853
83;3.70878410339;0.837931820901
84;3.69475698471;0.8376914273
85;3.71319317818;0.8376914273
86;3.70383286476;0.837560476423
87;3.75305604935;0.837560476423
88;3.71263313293;0.837560476423
89;3.6817688942;0.837445440262
90;3.67422795296;0.837445440262
91;3.68054199219;0.837344656071
92;3.6707379818;0.837344656071
93;3.71814012527;0.837344656071
94;3.70299291611;0.837344656071
95;3.72662401199;0.837341945524
96;3.75681185722;0.837302655855
97;3.71020293236;0.83665364313
98;3.71870803833;0.83665364313
99;3.74770212173;0.83665364313
100;3.68202900887;0.83665364313
101;3.71266293526;0.83665364313
102;3.76394510269;0.83665364313
103;3.76244997978;0.83665364313
104;3.75266599655;0.83665364313
105;3.77236413956;0.83665364313
106;3.75546693802;0.836423515884
107;3.6893029213;0.836010088615
108;3.69870305061;0.836010088615
109;3.69477081299;0.836010088615
110;3.7087469101;0.836010088615
111;3.69145512581;0.836010088615
112;3.69280600548;0.836010088615
113;3.71356105804;0.836010088615
114;3.70491480827;0.83588167467
115;3.70488119125;0.83588167467
116;3.72602796555;0.83588167467
117;3.70104622841;0.83588167467
118;3.70006418228;0.83588167467
119;3.68077588081;0.83588167467
120;3.7090511322;0.83588167467
121;3.72290992737;0.835813392791
122;3.7816221714;0.83544679461
123;3.77444195747;0.835336228256
124;3.76152610779;0.835083352699
125;3.73009204865;0.835083352699
126;3.71759200096;0.835083352699
127;3.69598007202;0.835083352699
128;3.70540094376;0.834767534102
129;3.76174592972;0.834767534102
130;3.71637392044;0.834767534102
131;3.69173288345;0.834767534102
132;3.71648311615;0.834767534102
133;3.6957089901;0.834767534102
134;3.70070695877;0.834767534102
135;3.70204091072;0.834767534102
136;3.72687077522;0.834767534102
137;3.7299311161;0.834767534102
138;3.70229792595;0.834767534102
139;3.72903990746;0.834767534102
140;3.76189899445;0.834767534102
141;3.70524191856;0.834767534102
142;3.71003890038;0.834767534102
