Ejecucion con tamaño de poblacion 100, con tasa de mutacion del 0.0103092783505%, y con torneos de 8
0;4.26214289665;0.861407441594
1;4.00822401047;0.861407441594
2;4.07392787933;0.859405214583
3;4.0429251194;0.856663240944
4;4.06229400635;0.852874447429
5;3.99994683266;0.851611157886
6;4.00260710716;0.850148251093
7;4.00475096703;0.846021328062
8;3.9474439621;0.845151064617
9;4.00147294998;0.844817413543
10;4.00716280937;0.842110105915
11;4.00423002243;0.840439302557
12;4.00536108017;0.83929345666
13;4.07594490051;0.838427741066
14;4.00635099411;0.836748838233
15;4.010242939;0.835403623232
16;4.01356911659;0.833622099931
17;4.00366902351;0.832896322731
18;4.00734019279;0.832378778151
19;3.99954986572;0.832562501003
20;3.98959493637;0.83151425184
21;3.99136805534;0.830775783275
22;3.99818301201;0.830040559751
23;3.99762582779;0.829473632009
24;4.0046210289;0.82952669866
25;3.99613308907;0.828569977492
26;3.9989259243;0.826485709766
27;4.04927802086;0.826485709766
28;4.0654129982;0.82626332735
29;4.05106401443;0.825115371661
30;4.0373878479;0.825349464995
31;4.00489616394;0.824176557582
32;4.01340198517;0.824301487187
33;3.98165988922;0.82350168761
34;4.06260204315;0.822791753611
35;4.07511496544;0.82178429189
36;4.05117511749;0.821079893503
37;3.98128318787;0.821070518227
38;3.97548103333;0.82106030256
39;3.9798719883;0.820336976688
40;3.99200201035;0.819820891301
41;4.00706005096;0.81924976433
42;3.9887111187;0.818137450047
43;4.01233410835;0.818839807546
44;3.97595405579;0.818091522471
45;3.97538995743;0.818004224056
46;3.98306703568;0.817694095587
47;3.98536705971;0.817622039147
48;4.03141117096;0.817321299242
49;3.97570705414;0.817210693507
50;3.97857999802;0.817215267547
51;3.97311997414;0.815722656028
52;3.9793639183;0.814711560741
53;3.99504089355;0.814417671915
54;4.04861307144;0.814711560741
55;3.97079586983;0.814417671915
56;3.97336602211;0.81415373104
57;3.99991583824;0.813995635494
58;4.01193714142;0.814259288472
59;3.96701693535;0.813566246536
60;3.87710809708;0.813566246536
61;3.96850585938;0.813117575053
62;3.95487999916;0.813077936201
63;3.97389602661;0.813077936201
64;3.94653916359;0.812626893948
65;3.95228099823;0.812308177904
66;3.94296312332;0.811915322989
67;3.96440005302;0.811915322989
68;3.98700594902;0.811638898455
69;3.95836091042;0.811520003018
70;4.07926702499;0.811797568188
71;3.95730113983;0.811793551269
72;3.94686102867;0.811520003018
73;3.98828291893;0.811520003018
74;4.03497600555;0.811520003018
75;4.03445315361;0.811613636373
76;3.9919757843;0.811397395096
77;3.97287416458;0.81070197174
78;3.97716283798;0.809686124919
79;3.97539901733;0.809539885239
80;3.96781897545;0.809012861356
81;3.9682328701;0.809012861356
82;3.97944879532;0.808961455293
83;3.97159981728;0.808663364859
84;3.96384596825;0.80907592436
85;3.97534799576;0.809406423597
86;3.99624204636;0.808458093326
87;3.97115015984;0.808360016178
88;4.00165605545;0.808293248682
89;4.02674293518;0.808304005098
90;3.96865510941;0.808304005098
91;3.96745491028;0.808304005098
92;4.00404596329;0.808304005098
93;4.00107598305;0.808152727401
94;3.98019599915;0.807927605135
95;3.98969388008;0.807800139441
96;3.98078489304;0.807598044744
97;3.97529482841;0.807948140199
98;3.99018096924;0.807781172719
99;3.97250080109;0.807263857206
100;3.99198102951;0.807577676556
101;4.02360415459;0.807028864331
102;4.00664782524;0.807028864331
103;3.97549295425;0.807135514442
104;3.99514198303;0.807297413908
105;4.0537211895;0.807028864331
106;4.01592183113;0.807028864331
107;3.96742081642;0.807028864331
108;4.01645207405;0.807028864331
109;3.98798394203;0.806530263597
110;3.97340202332;0.806437703802
111;4.04184103012;0.806024969305
112;4.03221201897;0.805881624367
113;4.04322504997;0.805694787747
114;3.98008298874;0.806024042526
115;3.98700499535;0.80565737264
116;3.9997959137;0.806136430933
117;4.02817201614;0.80565737264
118;3.96234488487;0.80565737264
119;3.98547911644;0.805635416107
120;3.98018503189;0.805413297548
121;3.99134302139;0.805635416107
122;3.98431110382;0.804969048615
123;4.04150891304;0.804969048615
124;3.98624110222;0.804969048615
125;3.99104404449;0.804856628702
126;3.98457312584;0.804856628702
127;3.98371005058;0.804825362369
128;3.97903704643;0.804164572618
129;3.98547911644;0.804390565316
130;3.98370909691;0.803920979294
131;3.99728488922;0.803920979294
132;3.98372602463;0.803321227022
133;3.96770310402;0.803465973944
134;3.97929000854;0.803379469723
135;3.97272801399;0.803338140089
136;3.97415208817;0.80326649453
137;4.0168159008;0.803321582769
138;3.98859000206;0.80325624351
139;3.98087096214;0.803324133381
140;3.98661112785;0.803324133381
141;3.99733710289;0.803321582769
142;3.9737970829;0.802979095785
143;3.96607017517;0.803321582769
144;3.97676897049;0.802868568813
145;3.96690487862;0.80301382507
146;3.97038292885;0.802868568813
147;4.00069189072;0.802783785921
148;3.99426913261;0.802604108513
149;3.98096108437;0.80245176314
150;3.96883606911;0.802424737324
151;3.96933197975;0.802330724419
152;3.99626612663;0.802356927529
153;4.0444920063;0.802285447373
154;4.01325201988;0.802424737324
155;3.98090600967;0.802251039705
156;3.97874116898;0.802137930615
157;3.97939705849;0.801694441745
158;3.98112487793;0.801897858548
159;3.96659612656;0.80207988876
160;3.96785497665;0.801694441745
161;3.97999620438;0.801694441745
162;4.00126218796;0.801949892857
163;3.97209000587;0.801949892857
164;3.97784614563;0.801900722354
165;4.0460600853;0.801630563543
166;3.97079491615;0.801555187238
167;3.97108197212;0.80080241004
168;3.97719788551;0.80080241004
169;3.9997241497;0.80080241004
170;3.96274495125;0.80080241004
171;3.96126699448;0.80080241004
172;3.97493195534;0.800845626051
173;3.96536493301;0.800845626051
174;3.96681404114;0.800503847935
175;4.03584313393;0.800503847935
176;4.02919006348;0.800503847935
177;3.97134518623;0.800092278842
178;4.01854801178;0.800229915058
179;3.97883701324;0.8000336203
180;3.9653429985;0.799863825393
181;3.96773695946;0.799919300305
182;3.99757814407;0.799863825393
183;3.98983502388;0.799863825393
184;4.06957292557;0.799856732774
185;4.04175901413;0.799856732774
186;3.98905086517;0.799856732774
187;4.00479912758;0.799856732774
188;4.04087090492;0.799856732774
189;4.03489398956;0.799856732774
190;3.97785496712;0.799856732774
191;3.95290517807;0.800025743988
192;3.96381592751;0.799856732774
193;4.00079798698;0.799856732774
194;4.03184199333;0.799760527563
195;4.03715276718;0.800119988183
196;4.05438399315;0.799856732774
197;4.05988407135;0.799760527563
198;3.98628091812;0.799760527563
199;3.98798012733;0.79989251777
200;3.99595499039;0.799760527563
201;3.97324991226;0.799856732774
202;3.95771098137;0.799657448956
203;3.97731590271;0.799732054695
204;3.97081112862;0.799872947475
205;3.9756860733;0.799872947475
206;3.96817016602;0.799872947475
207;3.96103405952;0.799995140283
208;3.99024510384;0.799872947475
209;3.97868490219;0.799872947475
210;3.96269702911;0.799872947475
211;3.95577979088;0.799872947475
212;3.97419500351;0.799872947475
213;3.9708199501;0.79980471761
214;3.95565080643;0.79980471761
215;3.99211120605;0.79980471761
216;4.02129793167;0.799626160307
217;3.9539899826;0.799206994801
218;4.01140403748;0.799425965462
219;4.01999402046;0.799425965462
220;4.04006814957;0.799695214435
221;3.94897985458;0.799425965462
222;3.95542693138;0.799915119388
223;3.97434711456;0.799466882441
224;4.02237010002;0.800123448325
225;4.00773000717;0.799924992083
226;4.01655197144;0.799467251776
227;4.00595903397;0.799467251776
